[problem]
robot = /home/zxy/applique/omplapp/resources/3D/alpha-1.1.org.obj
world = /home/zxy/applique/omplapp/resources/3D/alpha_env-1.1.org.obj
objective = length
objective.threshold = 10000.0
start.x = 21.97
start.y = -6.77
start.z = 16.2
start.theta = 0.842075272911
start.axis.x = -0.192752722827
start.axis.y = 0.515540575486
start.axis.z = -0.834903768628
goal.x = 16.97
goal.y = 1.23
goal.z = 36.2
goal.theta = 0
goal.axis.x = 1
goal.axis.y = 0
goal.axis.z = 0
volume.min.x = -1.89279603958
volume.min.y = -3.17052197456
volume.min.z = -4.36585903168
volume.max.x = 58.7349205017
volume.max.y = 39.4569587708
volume.max.z = 10.6521434784

